#Mode    XEVAL_00007[Frac] XEVAL_00007[Cumulative] XEVAL_00007[Eigenval]
       1            0.9229                  0.9229             7867.6929
       2            0.0240                  0.9468              204.4178
       3            0.0099                  0.9567               84.4181
       4            0.0083                  0.9651               70.9769
       5            0.0078                  0.9729               66.8813
       6            0.0061                  0.9790               51.9035
       7            0.0047                  0.9837               40.1960
       8            0.0039                  0.9876               33.4051
       9            0.0025                  0.9902               21.6207
      10            0.0015                  0.9916               12.5159
      11            0.0012                  0.9929               10.4365
      12            0.0010                  0.9939                8.4898
      13            0.0008                  0.9947                6.8554
      14            0.0006                  0.9953                5.1767
      15            0.0005                  0.9958                4.6306
      16            0.0004                  0.9963                3.7794
      17            0.0004                  0.9966                3.3061
      18            0.0003                  0.9969                2.4877
      19            0.0003                  0.9972                2.4401
      20            0.0002                  0.9975                2.1076
      21            0.0002                  0.9977                2.0667
      22            0.0002                  0.9979                1.6805
      23            0.0002                  0.9981                1.5383
      24            0.0002                  0.9982                1.3088
      25            0.0001                  0.9984                1.2692
      26            0.0001                  0.9985                1.1745
      27            0.0001                  0.9986                0.9623
      28            0.0001                  0.9988                0.8848
      29            0.0001                  0.9988                0.8325
      30            0.0001                  0.9989                0.7696
      31            0.0001                  0.9990                0.6791
      32            0.0001                  0.9991                0.6176
      33            0.0001                  0.9992                0.5831
      34            0.0001                  0.9992                0.5156
      35            0.0001                  0.9993                0.5073
      36            0.0001                  0.9993                0.4479
      37            0.0000                  0.9994                0.4245
      38            0.0000                  0.9994                0.3574
      39            0.0000                  0.9995                0.3475
      40            0.0000                  0.9995                0.3425
      41            0.0000                  0.9995                0.3233
      42            0.0000                  0.9996                0.2995
      43            0.0000                  0.9996                0.2659
      44            0.0000                  0.9996                0.2413
      45            0.0000                  0.9997                0.2329
      46            0.0000                  0.9997                0.2144
      47            0.0000                  0.9997                0.1880
      48            0.0000                  0.9997                0.1759
      49            0.0000                  0.9998                0.1668
      50            0.0000                  0.9998                0.1593
      51            0.0000                  0.9998                0.1480
      52            0.0000                  0.9998                0.1399
      53            0.0000                  0.9998                0.1326
      54            0.0000                  0.9998                0.1247
      55            0.0000                  0.9998                0.1150
      56            0.0000                  0.9999                0.1087
      57            0.0000                  0.9999                0.1044
      58            0.0000                  0.9999                0.0930
      59            0.0000                  0.9999                0.0904
      60            0.0000                  0.9999                0.0833
      61            0.0000                  0.9999                0.0773
      62            0.0000                  0.9999                0.0702
      63            0.0000                  0.9999                0.0645
      64            0.0000                  0.9999                0.0634
      65            0.0000                  0.9999                0.0581
      66            0.0000                  0.9999                0.0511
      67            0.0000                  1.0000                0.0483
      68            0.0000                  1.0000                0.0474
      69            0.0000                  1.0000                0.0436
      70            0.0000                  1.0000                0.0424
      71            0.0000                  1.0000                0.0388
      72            0.0000                  1.0000                0.0331
      73            0.0000                  1.0000                0.0287
      74            0.0000                  1.0000                0.0275
      75            0.0000                  1.0000                0.0268
      76            0.0000                  1.0000                0.0254
      77            0.0000                  1.0000                0.0239
      78            0.0000                  1.0000                0.0233
      79            0.0000                  1.0000                0.0197
      80            0.0000                  1.0000                0.0000
      81            0.0000                  1.0000                0.0000
      82            0.0000                  1.0000                0.0000
      83            0.0000                  1.0000                0.0000
      84            0.0000                  1.0000                0.0000
      85            0.0000                  1.0000                0.0000
      86            0.0000                  1.0000                0.0000
      87            0.0000                  1.0000                0.0000
      88            0.0000                  1.0000                0.0000
      89            0.0000                  1.0000                0.0000
      90            0.0000                  1.0000                0.0000
      91            0.0000                  1.0000                0.0000
      92            0.0000                  1.0000                0.0000
      93            0.0000                  1.0000                0.0000
      94            0.0000                  1.0000                0.0000
      95            0.0000                  1.0000                0.0000
      96            0.0000                  1.0000                0.0000
      97            0.0000                  1.0000                0.0000
      98            0.0000                  1.0000                0.0000
      99            0.0000                  1.0000                0.0000
     100            0.0000                  1.0000                0.0000
     101            0.0000                  1.0000                0.0000
     102            0.0000                  1.0000                0.0000
     103            0.0000                  1.0000                0.0000
     104            0.0000                  1.0000                0.0000
     105            0.0000                  1.0000                0.0000
     106            0.0000                  1.0000                0.0000
     107            0.0000                  1.0000                0.0000
     108            0.0000                  1.0000                0.0000
     109            0.0000                  1.0000                0.0000
     110            0.0000                  1.0000                0.0000
     111            0.0000                  1.0000                0.0000
     112            0.0000                  1.0000                0.0000
     113            0.0000                  1.0000                0.0000
     114            0.0000                  1.0000                0.0000
     115            0.0000                  1.0000                0.0000
     116            0.0000                  1.0000                0.0000
     117            0.0000                  1.0000                0.0000
     118            0.0000                  1.0000                0.0000
     119            0.0000                  1.0000                0.0000
     120            0.0000                  1.0000                0.0000
     121            0.0000                  1.0000                0.0000
     122            0.0000                  1.0000                0.0000
     123            0.0000                  1.0000                0.0000
     124            0.0000                  1.0000                0.0000
     125            0.0000                  1.0000                0.0000
     126            0.0000                  1.0000                0.0000
     127            0.0000                  1.0000                0.0000
     128            0.0000                  1.0000                0.0000
     129            0.0000                  1.0000                0.0000
     130            0.0000                  1.0000                0.0000
     131            0.0000                  1.0000                0.0000
     132            0.0000                  1.0000                0.0000
     133            0.0000                  1.0000                0.0000
     134            0.0000                  1.0000                0.0000
     135            0.0000                  1.0000                0.0000
     136            0.0000                  1.0000                0.0000
     137            0.0000                  1.0000                0.0000
     138            0.0000                  1.0000                0.0000
     139            0.0000                  1.0000                0.0000
     140            0.0000                  1.0000                0.0000
     141            0.0000                  1.0000                0.0000
     142            0.0000                  1.0000                0.0000
     143            0.0000                  1.0000                0.0000
     144            0.0000                  1.0000                0.0000
     145            0.0000                  1.0000                0.0000
     146            0.0000                  1.0000                0.0000
     147            0.0000                  1.0000                0.0000
     148            0.0000                  1.0000                0.0000
     149            0.0000                  1.0000                0.0000
     150            0.0000                  1.0000                0.0000
     151            0.0000                  1.0000                0.0000
     152            0.0000                  1.0000                0.0000
     153            0.0000                  1.0000                0.0000
     154            0.0000                  1.0000                0.0000
     155            0.0000                  1.0000                0.0000
     156            0.0000                  1.0000                0.0000
     157            0.0000                  1.0000                0.0000
     158            0.0000                  1.0000                0.0000
     159            0.0000                  1.0000                0.0000
     160            0.0000                  1.0000                0.0000
     161            0.0000                  1.0000                0.0000
     162            0.0000                  1.0000                0.0000
     163            0.0000                  1.0000                0.0000
     164            0.0000                  1.0000                0.0000
     165            0.0000                  1.0000                0.0000
     166            0.0000                  1.0000                0.0000
     167            0.0000                  1.0000                0.0000
     168            0.0000                  1.0000                0.0000
     169            0.0000                  1.0000                0.0000
     170            0.0000                  1.0000                0.0000
     171            0.0000                  1.0000                0.0000
     172            0.0000                  1.0000                0.0000
     173            0.0000                  1.0000                0.0000
     174            0.0000                  1.0000                0.0000
     175            0.0000                  1.0000                0.0000
     176            0.0000                  1.0000                0.0000
     177            0.0000                  1.0000                0.0000
     178            0.0000                  1.0000                0.0000
     179            0.0000                  1.0000                0.0000
     180            0.0000                  1.0000                0.0000
     181            0.0000                  1.0000                0.0000
     182            0.0000                  1.0000                0.0000
     183            0.0000                  1.0000                0.0000
     184            0.0000                  1.0000                0.0000
     185            0.0000                  1.0000                0.0000
     186            0.0000                  1.0000                0.0000
     187            0.0000                  1.0000                0.0000
     188            0.0000                  1.0000                0.0000
     189            0.0000                  1.0000                0.0000
     190            0.0000                  1.0000                0.0000
     191            0.0000                  1.0000                0.0000
     192            0.0000                  1.0000                0.0000
     193            0.0000                  1.0000                0.0000
     194            0.0000                  1.0000                0.0000
     195            0.0000                  1.0000                0.0000
     196            0.0000                  1.0000                0.0000
     197            0.0000                  1.0000                0.0000
     198            0.0000                  1.0000                0.0000
     199            0.0000                  1.0000                0.0000
     200            0.0000                  1.0000                0.0000
     201            0.0000                  1.0000                0.0000
     202            0.0000                  1.0000                0.0000
     203            0.0000                  1.0000                0.0000
     204            0.0000                  1.0000                0.0000
     205            0.0000                  1.0000                0.0000
     206            0.0000                  1.0000                0.0000
     207            0.0000                  1.0000                0.0000
     208            0.0000                  1.0000                0.0000
     209            0.0000                  1.0000                0.0000
     210            0.0000                  1.0000                0.0000
     211            0.0000                  1.0000                0.0000
     212            0.0000                  1.0000                0.0000
     213            0.0000                  1.0000                0.0000
     214            0.0000                  1.0000                0.0000
     215            0.0000                  1.0000                0.0000
     216            0.0000                  1.0000                0.0000
     217            0.0000                  1.0000                0.0000
     218            0.0000                  1.0000                0.0000
     219            0.0000                  1.0000                0.0000
     220            0.0000                  1.0000                0.0000
     221            0.0000                  1.0000                0.0000
     222            0.0000                  1.0000                0.0000
     223            0.0000                  1.0000                0.0000
     224            0.0000                  1.0000                0.0000
     225            0.0000                  1.0000                0.0000
     226            0.0000                  1.0000                0.0000
     227            0.0000                  1.0000                0.0000
     228            0.0000                  1.0000                0.0000
     229            0.0000                  1.0000                0.0000
     230            0.0000                  1.0000                0.0000
     231            0.0000                  1.0000                0.0000
     232            0.0000                  1.0000                0.0000
     233            0.0000                  1.0000                0.0000
     234            0.0000                  1.0000                0.0000
     235            0.0000                  1.0000                0.0000
     236            0.0000                  1.0000                0.0000
     237            0.0000                  1.0000                0.0000
     238            0.0000                  1.0000                0.0000
     239            0.0000                  1.0000                0.0000
     240            0.0000                  1.0000                0.0000
     241            0.0000                  1.0000                0.0000
     242            0.0000                  1.0000                0.0000
     243            0.0000                  1.0000                0.0000
     244            0.0000                  1.0000                0.0000
     245            0.0000                  1.0000                0.0000
     246            0.0000                  1.0000                0.0000
     247            0.0000                  1.0000                0.0000
     248            0.0000                  1.0000                0.0000
     249            0.0000                  1.0000                0.0000
     250            0.0000                  1.0000                0.0000
     251            0.0000                  1.0000                0.0000
     252            0.0000                  1.0000                0.0000
     253            0.0000                  1.0000                0.0000
     254            0.0000                  1.0000                0.0000
     255            0.0000                  1.0000                0.0000
     256            0.0000                  1.0000                0.0000
     257            0.0000                  1.0000                0.0000
     258            0.0000                  1.0000                0.0000
     259            0.0000                  1.0000                0.0000
     260            0.0000                  1.0000                0.0000
     261            0.0000                  1.0000                0.0000
     262            0.0000                  1.0000                0.0000
     263            0.0000                  1.0000                0.0000
     264            0.0000                  1.0000                0.0000
     265            0.0000                  1.0000                0.0000
     266            0.0000                  1.0000                0.0000
     267            0.0000                  1.0000                0.0000
     268            0.0000                  1.0000                0.0000
     269            0.0000                  1.0000                0.0000
     270            0.0000                  1.0000                0.0000
     271            0.0000                  1.0000                0.0000
     272            0.0000                  1.0000                0.0000
     273            0.0000                  1.0000                0.0000
     274            0.0000                  1.0000                0.0000
     275            0.0000                  1.0000                0.0000
     276            0.0000                  1.0000                0.0000
     277            0.0000                  1.0000                0.0000
     278            0.0000                  1.0000                0.0000
     279            0.0000                  1.0000                0.0000
     280            0.0000                  1.0000                0.0000
     281            0.0000                  1.0000                0.0000
     282            0.0000                  1.0000                0.0000
     283            0.0000                  1.0000                0.0000
     284            0.0000                  1.0000                0.0000
     285            0.0000                  1.0000                0.0000
     286            0.0000                  1.0000                0.0000
     287            0.0000                  1.0000                0.0000
     288            0.0000                  1.0000                0.0000
     289            0.0000                  1.0000                0.0000
     290            0.0000                  1.0000                0.0000
     291            0.0000                  1.0000                0.0000
     292            0.0000                  1.0000                0.0000
     293            0.0000                  1.0000                0.0000
     294            0.0000                  1.0000                0.0000
     295            0.0000                  1.0000                0.0000
     296            0.0000                  1.0000                0.0000
     297            0.0000                  1.0000                0.0000
     298            0.0000                  1.0000                0.0000
     299            0.0000                  1.0000                0.0000
     300            0.0000                  1.0000                0.0000
     301            0.0000                  1.0000                0.0000
     302            0.0000                  1.0000                0.0000
     303            0.0000                  1.0000                0.0000
     304            0.0000                  1.0000                0.0000
     305            0.0000                  1.0000                0.0000
     306            0.0000                  1.0000                0.0000
     307            0.0000                  1.0000                0.0000
     308            0.0000                  1.0000                0.0000
     309            0.0000                  1.0000                0.0000
     310            0.0000                  1.0000                0.0000
     311            0.0000                  1.0000                0.0000
     312            0.0000                  1.0000                0.0000
     313            0.0000                  1.0000                0.0000
     314            0.0000                  1.0000                0.0000
     315            0.0000                  1.0000                0.0000
     316            0.0000                  1.0000                0.0000
     317            0.0000                  1.0000                0.0000
     318            0.0000                  1.0000                0.0000
     319            0.0000                  1.0000                0.0000
     320            0.0000                  1.0000                0.0000
     321            0.0000                  1.0000                0.0000
     322            0.0000                  1.0000                0.0000
     323            0.0000                  1.0000                0.0000
     324            0.0000                  1.0000                0.0000
     325            0.0000                  1.0000                0.0000
     326            0.0000                  1.0000                0.0000
     327            0.0000                  1.0000                0.0000
     328            0.0000                  1.0000                0.0000
     329            0.0000                  1.0000                0.0000
     330            0.0000                  1.0000                0.0000
     331            0.0000                  1.0000                0.0000
     332            0.0000                  1.0000                0.0000
     333            0.0000                  1.0000                0.0000
     334            0.0000                  1.0000                0.0000
     335            0.0000                  1.0000                0.0000
     336            0.0000                  1.0000                0.0000
     337            0.0000                  1.0000                0.0000
     338            0.0000                  1.0000                0.0000
     339            0.0000                  1.0000                0.0000
     340            0.0000                  1.0000                0.0000
     341            0.0000                  1.0000                0.0000
     342            0.0000                  1.0000                0.0000
     343            0.0000                  1.0000                0.0000
     344            0.0000                  1.0000                0.0000
     345            0.0000                  1.0000                0.0000
     346            0.0000                  1.0000                0.0000
     347            0.0000                  1.0000                0.0000
     348            0.0000                  1.0000                0.0000
     349            0.0000                  1.0000                0.0000
     350            0.0000                  1.0000                0.0000
     351            0.0000                  1.0000                0.0000
     352            0.0000                  1.0000                0.0000
     353            0.0000                  1.0000                0.0000
     354            0.0000                  1.0000                0.0000
     355            0.0000                  1.0000                0.0000
     356            0.0000                  1.0000                0.0000
     357            0.0000                  1.0000                0.0000
     358            0.0000                  1.0000                0.0000
     359            0.0000                  1.0000                0.0000
     360            0.0000                  1.0000                0.0000
     361            0.0000                  1.0000                0.0000
     362            0.0000                  1.0000                0.0000
     363            0.0000                  1.0000                0.0000
     364            0.0000                  1.0000                0.0000
     365            0.0000                  1.0000                0.0000
     366            0.0000                  1.0000                0.0000
     367            0.0000                  1.0000                0.0000
     368            0.0000                  1.0000                0.0000
     369            0.0000                  1.0000                0.0000
     370            0.0000                  1.0000                0.0000
     371            0.0000                  1.0000                0.0000
     372            0.0000                  1.0000                0.0000
     373            0.0000                  1.0000                0.0000
     374            0.0000                  1.0000                0.0000
     375            0.0000                  1.0000                0.0000
     376            0.0000                  1.0000                0.0000
     377            0.0000                  1.0000                0.0000
     378            0.0000                  1.0000                0.0000
     379            0.0000                  1.0000                0.0000
     380            0.0000                  1.0000                0.0000
     381            0.0000                  1.0000                0.0000
     382            0.0000                  1.0000                0.0000
     383            0.0000                  1.0000                0.0000
     384            0.0000                  1.0000                0.0000
     385            0.0000                  1.0000                0.0000
     386            0.0000                  1.0000                0.0000
     387            0.0000                  1.0000                0.0000
     388            0.0000                  1.0000                0.0000
     389            0.0000                  1.0000                0.0000
     390            0.0000                  1.0000                0.0000
     391            0.0000                  1.0000                0.0000
     392            0.0000                  1.0000                0.0000
     393            0.0000                  1.0000                0.0000
     394            0.0000                  1.0000                0.0000
     395            0.0000                  1.0000                0.0000
     396            0.0000                  1.0000                0.0000
     397            0.0000                  1.0000                0.0000
     398            0.0000                  1.0000                0.0000
     399            0.0000                  1.0000                0.0000
     400            0.0000                  1.0000                0.0000
     401            0.0000                  1.0000                0.0000
     402            0.0000                  1.0000                0.0000
     403            0.0000                  1.0000                0.0000
     404            0.0000                  1.0000                0.0000
     405            0.0000                  1.0000                0.0000
     406            0.0000                  1.0000                0.0000
     407            0.0000                  1.0000                0.0000
     408            0.0000                  1.0000                0.0000
     409            0.0000                  1.0000                0.0000
     410            0.0000                  1.0000                0.0000
     411            0.0000                  1.0000                0.0000
     412            0.0000                  1.0000                0.0000
     413            0.0000                  1.0000                0.0000
     414            0.0000                  1.0000                0.0000
     415            0.0000                  1.0000                0.0000
     416            0.0000                  1.0000                0.0000
     417            0.0000                  1.0000                0.0000
     418            0.0000                  1.0000                0.0000
     419            0.0000                  1.0000                0.0000
     420            0.0000                  1.0000                0.0000
     421            0.0000                  1.0000                0.0000
     422            0.0000                  1.0000                0.0000
     423            0.0000                  1.0000                0.0000
     424            0.0000                  1.0000                0.0000
     425            0.0000                  1.0000                0.0000
     426            0.0000                  1.0000                0.0000
     427            0.0000                  1.0000                0.0000
     428            0.0000                  1.0000                0.0000
     429            0.0000                  1.0000                0.0000
     430            0.0000                  1.0000                0.0000
     431            0.0000                  1.0000                0.0000
     432            0.0000                  1.0000                0.0000
     433            0.0000                  1.0000                0.0000
     434            0.0000                  1.0000                0.0000
     435            0.0000                  1.0000                0.0000
     436            0.0000                  1.0000                0.0000
